2005
2008
2010
2012
2015
2018
2020
2022
2024
2027
2028
2032
2035
2039
2041
2051
2053
2060
2061
2062
2065
2067
2072
2073
2078
2079
2092
2093
2094
2095
2102
2104
2105
2107
2109
2111
2113
2120
2121
2124
2130
2131
2137
2139
2145
2151
2154
2157
2160
2163
2171
2177
2184
2187
2220
2226
2229
2241
2247
2249
2252
2253
2259
2260
2264
2266
2275
2279
2285
2290
2295
2299
2302
2304
2305
2314
2316
2324
2330
2331
2334
2336
2349
2362
2365
2366
2370
2372
2382
2383
2395
2397
2399
2405
2406
2407
2421
2423
2427
2429
2433
2434
2435
2436
2439
2441
2442
2445
2451
2455
2460
2461
2465
2466
2469
2472
2477
2479
2485
2486
2488
2490
2492
2499
2501
2502
2503
2504
2510
2521
2525
2526
2527
2533
2539
2540
2545
2546
2547
2548
2549
2554
2558
2559
2565
2566
2568
2571
2584
2587
2589
2593
2597
2598
2599
2602
2603
2604
2608
2609
2611
2615
2617
2619
2627
2628
2634
2640
2641
2645
2648
2650
2653
2657
2658
2667
2669
2672
2676
2678
2691
2703
2708
2710
2717
2719
2724
2729
2734
2743
2749
2756
2759
2761
2772
2775
2782
2784
2785
2789
2790
2792
2800
2818
2819
2826
2828
2832
2835
2836
2837
2840
2851
2858
2860
2866
2868
2870
2876
2877
2883
2893
2896
2910
2913
2932
2938
2945
2956
2962
2965
2969
2970
2989
2998
3011
3012
3015
3020
3021
3023
3030
3038
3040
3041
3045
3047
3049
3051
3052
3056
3062
3067
3068
3069
3070
3072
3073
3074
3075
3080
3081
3082
3083
3085
3086
3088
3090
3093
3096
3097
3099
3103
3108
3111
3113
3115
3120
3124
3130
3131
3133
3134
3135
3138
3140
3142
3144
3146
3148
3150
3152
3154
3155
3156
3159
3161
3168
3169
3171
3174
3182
3186
3187
3188
3195
3200
3201
3202
3205
3206
3207
3215
3219
3223
3227
3229
3232
3235
3236
3237
3238
3239
3242
3245
3246
3251
3252
3254
3256
3259
3260
3266
3268
3269
3275
3279
3283
3284
3286
3288
3294
3296
3300
3303
3304
3306
3309
3311
3313
3315
3317
3320
3324
3325
3327
3328
3331
3333
3334
3338
3342
3343
3344
3345
3349
3351
3353
3354
3360
3364
3365
3367
3368
3369
3375
3377
3382
3387
3389
3393
3397
3398
3399
3403
3406
3408
3409
3411
3417
3420
3425
3427
3435
3441
3443
3445
3447
3449
3450
3458
3467
3473
3476
3487
3491
3495
3497
3503
3508
3509
3514
3515
3517
3523
3524
3525
3526
3537
3539
3541
3549
3550
3551
3561
3565
3569
3573
3574
3576
3580
3584
3586
3595
3596
3606
3607
3615
3628
3633
3636
3638
3639
3646
3651
3655
3658
3660
3663
3680
3682
3688
3691
3697
3699
3707
3720
3725
3727
3728
3746
3750
3756
3763
3768
3773
3776
3781
3784
3796
3798
3801
3809
3811
3821
3825
3830
3838
3850
3862
3876
3883
3887
3902
3917
3925
3962
3983
3988
3993
4004
4008
4019
4022
4023
4026
4028
4032
4033
4036
4038
4048
4049
4050
4051
4055
4056
4060
4064
4071
4072
4074
4077
4079
4080
4082
4090
4092
4096
4099
4101
4103
4104
4108
4109
4113
4114
4123
4127
4129
4130
4133
4137
4138
4148
4149
4150
4151
4152
4153
4154
4155
4158
4159
4166
4168
4171
4174
4175
4177
4181
4184
4311
4312
4314
4316
4318
4319
4320
4321
4325
4327
4329
4330
4333
4334
4336
4339
4340
4341
4342
4345
4346
4347
4349
4353
4356
4358
4360
4362
4363
4364
4366
4370
4372
4376
4378
4379
4380
4382
4483
4519
4548
4565
4572
4603
4608
4611
4617
4618
4619
4626
4628
4633
4642
4646
4649
4659
4679
4682
4688
4691
4697
4698
4707
4720
4725
4728
4733
4736
4765
4784
4785
4792
4796
4801
4812
4826
4830
4831
4834
4858
4859
4868
4877
4880
4886
4890
4902
4908
4928
4936
